% time     seconds  usecs/call     calls    errors syscall
------ ----------- ----------- --------- --------- ------------------
 57.69    4.728883           6    751240           io_uring_enter
 41.51    3.402345           3    873894           pread64
  0.62    0.050918           5      8612           write
  0.10    0.007967         663        12           unlinkat
  0.04    0.003509         129        27           madvise
  0.01    0.000894          27        33           read
  0.01    0.000642           5       123           mmap
  0.01    0.000512          15        34           io_uring_setup
  0.00    0.000369           7        51        11 openat
  0.00    0.000321           4        71           munmap
  0.00    0.000285           3        76           close
  0.00    0.000113           2        39           fstat
  0.00    0.000066           3        19           lseek
  0.00    0.000036          36         1           rmdir
  0.00    0.000029          14         2           getdents64
  0.00    0.000008           4         2           fcntl
  0.00    0.000006           6         1         1 unlink
  0.00    0.000000           0         2           open
  0.00    0.000000           0        11           mprotect
  0.00    0.000000           0         2           brk
  0.00    0.000000           0         1         1 access
  0.00    0.000000           0         1           execve
  0.00    0.000000           0         1           mkdir
  0.00    0.000000           0         1         1 readlink
  0.00    0.000000           0         1           arch_prctl
  0.00    0.000000           0         1           futex
  0.00    0.000000           0         1           sched_getaffinity
  0.00    0.000000           0         1           set_tid_address
  0.00    0.000000           0         5         3 newfstatat
  0.00    0.000000           0         1           set_robust_list
  0.00    0.000000           0         1           prlimit64
  0.00    0.000000           0         1           rseq
------ ----------- ----------- --------- --------- ------------------
100.00    8.196903           5   1634268        17 total
