# Run 133: Stage A export A/B (Wikidata truthy)

Baseline: /local/data-ssd/stoetzem/wt/master/build/qlever-server
Variant: /local/data-ssd/stoetzem/wt/bench/export-select-batch/build/qlever-server
Reps: 5 per workload per arm, cache evicted before each rep.

## baseline-construct
1	200	22.623600	1302749672
2	200	22.811128	1302749672
3	200	22.207829	1302749672
4	200	22.676403	1302749672
5	200	22.556257	1302749672

## variant-construct
1	200	22.777681	1302749672
2	200	22.806245	1302749672
3	200	23.004798	1302749672
4	200	22.637134	1302749672
5	200	22.968142	1302749672

## baseline-select
1	200	19.847195	674222797
2	200	20.109479	674222797
3	200	19.826718	674222797
4	200	20.251776	674222797
5	200	19.958291	674222797

## variant-select
1	200	19.455737	674222797
2	200	18.817246	674222797
3	200	19.179735	674222797
4	200	19.261610	674222797
5	200	19.443167	674222797

