% time     seconds  usecs/call     calls    errors syscall
------ ----------- ----------- --------- --------- ------------------
 77.79    1.392031         194      7168           io_uring_enter
 21.88    0.391502           4     83406           pread64
  0.09    0.001646           8       183           write
  0.06    0.001128          13        83           mmap
  0.03    0.000613          14        42           close
  0.03    0.000520          14        35        11 openat
  0.02    0.000405          25        16           io_uring_setup
  0.02    0.000404         404         1           execve
  0.02    0.000385          11        35           munmap
  0.01    0.000197           8        23           read
  0.01    0.000177          29         6           unlinkat
  0.01    0.000156           6        26           fstat
  0.00    0.000072          72         1           mkdir
  0.00    0.000061          20         3           madvise
  0.00    0.000050           8         6         3 newfstatat
  0.00    0.000046           4        10           lseek
  0.00    0.000041          20         2           open
  0.00    0.000027          13         2           getdents64
  0.00    0.000022          22         1           rmdir
  0.00    0.000021           1        11           mprotect
  0.00    0.000011           5         2           brk
  0.00    0.000009           4         2           fcntl
  0.00    0.000008           8         1           sched_getaffinity
  0.00    0.000007           7         1         1 access
  0.00    0.000007           7         1         1 unlink
  0.00    0.000006           6         1         1 readlink
  0.00    0.000006           6         1           set_tid_address
  0.00    0.000005           5         1           arch_prctl
  0.00    0.000005           5         1           futex
  0.00    0.000005           5         1           set_robust_list
  0.00    0.000005           5         1           rseq
  0.00    0.000000           0         1           prlimit64
------ ----------- ----------- --------- --------- ------------------
100.00    1.789578          19     91074        17 total
