% time     seconds  usecs/call     calls    errors syscall
------ ----------- ----------- --------- --------- ------------------
 78.46    1.513849         104     14550           io_uring_enter
 21.23    0.409640           4     83980           pread64
  0.07    0.001284        1284         1           execve
  0.06    0.001122          13        83           mmap
  0.05    0.001024           5       183           write
  0.03    0.000581          13        42           close
  0.02    0.000433          12        35           munmap
  0.02    0.000400          25        16           io_uring_setup
  0.02    0.000296           8        35        11 openat
  0.01    0.000201          33         6           unlinkat
  0.01    0.000171          15        11           mprotect
  0.01    0.000112           4        23           read
  0.00    0.000084           3        26           fstat
  0.00    0.000044          22         2           open
  0.00    0.000029          14         2           getdents64
  0.00    0.000025           4         6         3 newfstatat
  0.00    0.000024          12         2           madvise
  0.00    0.000023          23         1           rmdir
  0.00    0.000013           6         2           brk
  0.00    0.000010          10         1         1 access
  0.00    0.000010           5         2           fcntl
  0.00    0.000010          10         1         1 unlink
  0.00    0.000010          10         1         1 readlink
  0.00    0.000008           8         1           futex
  0.00    0.000008           8         1           sched_getaffinity
  0.00    0.000007           7         1           prlimit64
  0.00    0.000006           6         1           arch_prctl
  0.00    0.000006           6         1           set_tid_address
  0.00    0.000006           6         1           set_robust_list
  0.00    0.000006           6         1           rseq
  0.00    0.000000           0        10           lseek
  0.00    0.000000           0         1           mkdir
------ ----------- ----------- --------- --------- ------------------
100.00    1.929442          19     99029        17 total
