% time     seconds  usecs/call     calls    errors syscall
------ ----------- ----------- --------- --------- ------------------
 77.62    1.454533         100     14450           io_uring_enter
 22.01    0.412494           4     85516           pread64
  0.10    0.001920          10       183           write
  0.07    0.001297        1297         1           execve
  0.06    0.001105          13        83           mmap
  0.03    0.000550          13        42           close
  0.02    0.000468          29        16           io_uring_setup
  0.02    0.000448          12        35        11 openat
  0.02    0.000305           8        35           munmap
  0.01    0.000165           7        23           read
  0.01    0.000164          27         6           unlinkat
  0.01    0.000158           6        26           fstat
  0.01    0.000112          10        11           mprotect
  0.01    0.000097          97         1           mkdir
  0.00    0.000055           5        10           lseek
  0.00    0.000055           9         6         3 newfstatat
  0.00    0.000031          15         2           getdents64
  0.00    0.000017          17         1           rmdir
  0.00    0.000009           9         1         1 access
  0.00    0.000008           4         2           fcntl
  0.00    0.000007           3         2           brk
  0.00    0.000007           7         1           arch_prctl
  0.00    0.000006           6         1         1 unlink
  0.00    0.000006           6         1           set_tid_address
  0.00    0.000006           6         1           set_robust_list
  0.00    0.000005           5         1           rseq
  0.00    0.000000           0         2           open
  0.00    0.000000           0         2           madvise
  0.00    0.000000           0         1         1 readlink
  0.00    0.000000           0         1           futex
  0.00    0.000000           0         1           sched_getaffinity
  0.00    0.000000           0         1           prlimit64
------ ----------- ----------- --------- --------- ------------------
100.00    1.874028          18    100465        17 total
