% time     seconds  usecs/call     calls    errors syscall
------ ----------- ----------- --------- --------- ------------------
 78.30    1.469037         101     14494           io_uring_enter
 21.45    0.402322           4     85260           pread64
  0.06    0.001166        1166         1           execve
  0.04    0.000730           8        83           mmap
  0.03    0.000648           3       183           write
  0.03    0.000531          12        42           close
  0.02    0.000374          10        35           munmap
  0.02    0.000320           9        35        11 openat
  0.01    0.000180          30         6           unlinkat
  0.01    0.000143          13        11           mprotect
  0.01    0.000136           5        23           read
  0.01    0.000125           7        16           io_uring_setup
  0.01    0.000109           4        26           fstat
  0.00    0.000038          19         2           open
  0.00    0.000027           2        10           lseek
  0.00    0.000025          25         1           rmdir
  0.00    0.000024          12         2           getdents64
  0.00    0.000019           9         2           madvise
  0.00    0.000019           3         6         3 newfstatat
  0.00    0.000010           5         2           fcntl
  0.00    0.000009           4         2           brk
  0.00    0.000008           8         1         1 access
  0.00    0.000008           8         1         1 unlink
  0.00    0.000007           7         1         1 readlink
  0.00    0.000007           7         1           sched_getaffinity
  0.00    0.000006           6         1           futex
  0.00    0.000006           6         1           rseq
  0.00    0.000005           5         1           arch_prctl
  0.00    0.000005           5         1           set_tid_address
  0.00    0.000005           5         1           set_robust_list
  0.00    0.000005           5         1           prlimit64
  0.00    0.000000           0         1           mkdir
------ ----------- ----------- --------- --------- ------------------
100.00    1.876054          18    100253        17 total
