% time     seconds  usecs/call     calls    errors syscall
------ ----------- ----------- --------- --------- ------------------
 53.31    0.457784           5     80772           io_uring_enter
 46.13    0.396065           4     83406           pread64
  0.19    0.001669           9       183           write
  0.10    0.000852          10        83           mmap
  0.07    0.000568          13        42           close
  0.04    0.000367          10        35           munmap
  0.03    0.000286          17        16           io_uring_setup
  0.03    0.000274           7        35        11 openat
  0.02    0.000210          35         6           unlinkat
  0.02    0.000203          18        11           mprotect
  0.01    0.000085           3        23           read
  0.01    0.000085           3        26           fstat
  0.01    0.000058          11         5           madvise
  0.00    0.000029          14         2           getdents64
  0.00    0.000025          12         2           open
  0.00    0.000024          24         1           rmdir
  0.00    0.000016           1        10           lseek
  0.00    0.000009           4         2           fcntl
  0.00    0.000009           9         1         1 unlink
  0.00    0.000007           7         1           sched_getaffinity
  0.00    0.000007           7         1           set_tid_address
  0.00    0.000006           6         1           arch_prctl
  0.00    0.000006           6         1           set_robust_list
  0.00    0.000006           6         1           rseq
  0.00    0.000005           2         2           brk
  0.00    0.000005           5         1         1 readlink
  0.00    0.000004           4         1           futex
  0.00    0.000004           4         1           prlimit64
  0.00    0.000000           0         1         1 access
  0.00    0.000000           0         1           execve
  0.00    0.000000           0         1           mkdir
  0.00    0.000000           0         6         3 newfstatat
------ ----------- ----------- --------- --------- ------------------
100.00    0.858668           5    164680        17 total
