% time     seconds  usecs/call     calls    errors syscall
------ ----------- ----------- --------- --------- ------------------
 99.33    0.795155           4    170868           pread64
  0.17    0.001321           7       183           write
  0.12    0.000933          11        83           mmap
  0.07    0.000568          13        42           close
  0.06    0.000452         452         1           execve
  0.05    0.000381          10        35        11 openat
  0.05    0.000381          23        16           io_uring_setup
  0.05    0.000361          10        35           munmap
  0.02    0.000199          33         6           unlinkat
  0.02    0.000180           7        23           read
  0.02    0.000129           4        26           fstat
  0.02    0.000126          11        11           mprotect
  0.01    0.000070          17         4           madvise
  0.01    0.000051           5        10           lseek
  0.00    0.000037          18         2           open
  0.00    0.000028          14         2           getdents64
  0.00    0.000022          22         1           rmdir
  0.00    0.000018           3         6         3 newfstatat
  0.00    0.000010           5         2           brk
  0.00    0.000009           4         2           fcntl
  0.00    0.000008           8         1         1 access
  0.00    0.000008           8         1         1 unlink
  0.00    0.000008           8         1         1 readlink
  0.00    0.000007           7         1           futex
  0.00    0.000007           7         1           sched_getaffinity
  0.00    0.000005           5         1           arch_prctl
  0.00    0.000005           5         1           set_robust_list
  0.00    0.000005           5         1           prlimit64
  0.00    0.000005           5         1           rseq
  0.00    0.000004           4         1           set_tid_address
  0.00    0.000000           0         1           mkdir
------ ----------- ----------- --------- --------- ------------------
100.00    0.800493           4    171369        17 total
